# % Mass Recovered, Temperature (C)
1.720981 30.000000
2.601759 37.272727
3.501896 44.545455
4.420660 51.818182
5.357327 59.090909
6.311177 66.363636
7.281498 73.636364
8.267586 80.909091
9.268740 88.181818
10.284268 95.454545
11.313484 102.727273
12.355707 110.000000
13.410265 117.272727
14.476491 124.545455
15.553723 131.818182
16.641307 139.090909
17.738597 146.363636
18.844951 153.636364
19.959734 160.909091
21.082318 168.181818
22.212082 175.454545
23.348408 182.727273
24.490690 190.000000
25.638324 197.272727
26.790714 204.545455
27.947270 211.818182
29.107411 219.090909
30.270557 226.363636
31.436141 233.636364
32.603597 240.909091
33.772368 248.181818
34.941904 255.454545
36.111659 262.727273
37.281097 270.000000
38.449684 277.272727
39.616897 284.545455
40.782217 291.818182
41.945131 299.090909
43.105133 306.363636
44.261724 313.636364
45.414412 320.909091
46.562710 328.181818
47.706137 335.454545
48.844221 342.727273
49.976493 350.000000
51.102495 357.272727
52.221770 364.545455
53.333873 371.818182
54.438360 379.090909
55.534798 386.363636
56.622758 393.636364
57.701818 400.909091
58.771562 408.181818
59.831582 415.454545
60.881474 422.727273
61.920843 430.000000
62.949299 437.272727
63.966459 444.545455
64.971945 451.818182
65.965388 459.090909
66.946423 466.363636
67.914693 473.636364
68.869847 480.909091
69.811540 488.181818
70.739435 495.454545
71.653199 502.727273
72.552507 510.000000
73.437040 517.272727
74.306487 524.545455
75.160540 531.818182
75.998901 539.090909
76.821277 546.363636
77.627381 553.636364
78.416933 560.909091
79.189659 568.181818
79.945292 575.454545
80.683571 582.727273
81.404242 590.000000
82.107057 597.272727
82.791775 604.545455
83.458160 611.818182
84.105985 619.090909
84.735026 626.363636
85.345068 633.636364
85.935903 640.909091
86.507327 648.181818
87.059144 655.454545
87.591164 662.727273
88.103204 670.000000
88.595087 677.272727
89.066642 684.545455
89.517706 691.818182
89.948119 699.090909
90.357733 706.363636
90.746401 713.636364
91.113985 720.909091
91.460354 728.181818
91.785382 735.454545
92.088950 742.727273
92.370947 750.000000
